name	taxonomy_id	taxonomy_lvl	kraken_assigned_reads	added_reads	new_est_reads	fraction_total_reads
Aeromonas	642	G	24500	4	24504	0.27007
Tolumonas	43947	G	75	0	75	0.00083
Pseudaeromonas	1929090	G	27	0	27	0.00030
Pseudomonas	286	G	12431	6	12437	0.13708
Acinetobacter	469	G	2366	0	2366	0.02608
Psychrobacter	497	G	27	0	27	0.00030
Rahnella	34037	G	1445	3	1448	0.01596
Serratia	613	G	932	527	1459	0.01608
Yersinia	629	G	660	-18	642	0.00708
Gibbsiella	929812	G	62	-1	61	0.00067
Citrobacter	544	G	269	34	303	0.00334
Kluyvera	579	G	172	88	260	0.00287
Buttiauxella	82976	G	146	-56	90	0.00099
Pseudescherichia	2055880	G	131	-1	130	0.00143
Franconibacter	1649295	G	98	3	101	0.00111
Cronobacter	413496	G	93	21	114	0.00126
Klebsiella	570	G	71	30	101	0.00111
Edaphovirga	2678248	G	68	1	69	0.00076
Cedecea	158483	G	57	0	57	0.00063
Salmonella	590	G	56	-27	29	0.00032
Enterobacter	547	G	41	20	61	0.00067
Trabulsiella	158851	G	39	0	39	0.00043
Pluralibacter	1330546	G	13	0	13	0.00014
Shimwellia	1335483	G	13	4	17	0.00019
Lelliottia	1330545	G	12	144	156	0.00172
Kosakonia	1330547	G	12	0	12	0.00013
Erwinia	551	G	719	13	732	0.00807
Tatumella	82986	G	146	0	146	0.00161
Pantoea	53335	G	129	258	387	0.00427
Rosenbergiella	1356488	G	29	0	29	0.00032
Buchnera	32199	G	28	0	28	0.00031
Mixta	2100764	G	15	14	29	0.00032
Plesiomonas	702	G	672	0	672	0.00741
Brenneria	71655	G	151	0	151	0.00166
Pectobacterium	122277	G	143	12	155	0.00171
Dickeya	204037	G	27	0	27	0.00030
Providencia	586	G	41	-1	40	0.00044
Morganella	581	G	37	1	38	0.00042
Xenorhabdus	626	G	36	-6	30	0.00033
Photorhabdus	29487	G	20	0	20	0.00022
Proteus	583	G	17	0	17	0.00019
Budvicia	82978	G	13	-2	11	0.00012
Arenimonas	490567	G	195	-3	192	0.00212
Lysobacter	68	G	87	0	87	0.00096
Stenotrophomonas	40323	G	74	2	76	0.00084
Silanimonas	292713	G	66	-13	53	0.00058
Xanthomonas	338	G	10	11	21	0.00023
Tahibacter	1453544	G	62	0	62	0.00068
Pararheinheimera	2071980	G	55	-10	45	0.00050
Rheinheimera	67575	G	14	-1	13	0.00014
Thioalkalibacter	469655	G	15	0	15	0.00017
Neptunomonas	75687	G	19	0	19	0.00021
Marinobacterium	48075	G	15	-2	13	0.00014
Halomonas	2745	G	11	-1	10	0.00011
Thalassotalea	1518149	G	13	-13	0	0.00000
Legionella	445	G	20	-1	19	0.00021
Solimonas	413435	G	11	0	11	0.00012
Vibrio	662	G	11	0	11	0.00012
Polaromonas	52972	G	4188	0	4188	0.04616
Hydrogenophaga	47420	G	889	-1	888	0.00979
Comamonas	283	G	707	0	707	0.00779
Rhodoferax	28065	G	481	-1	480	0.00529
Acidovorax	12916	G	357	0	357	0.00393
Limnohabitans	665874	G	220	-15	205	0.00226
Giesbergeria	352449	G	142	-1	141	0.00155
Brachymonas	28219	G	122	0	122	0.00134
Ottowia	219181	G	115	-2	113	0.00125
Caenimonas	763439	G	67	0	67	0.00074
Ramlibacter	174951	G	65	7	72	0.00079
Variovorax	34072	G	56	11	67	0.00074
Simplicispira	352450	G	32	0	32	0.00035
Kinneretia	683756	G	31	0	31	0.00034
Pelomonas	335058	G	31	399	430	0.00474
Curvibacter	281915	G	27	23	50	0.00055
Verminephrobacter	364316	G	22	-9	13	0.00014
Lampropedia	198705	G	20	-3	17	0.00019
Extensimonas	1434001	G	18	-2	16	0.00018
Delftia	80865	G	17	6	23	0.00025
Diaphorobacter	238749	G	13	1	14	0.00015
Melaminivora	1649468	G	11	-10	1	0.00001
Ideonella	36862	G	226	-122	104	0.00115
Aquabacterium	92793	G	177	-1	176	0.00194
Rhizobacter	212743	G	145	65	210	0.00231
Inhella	644355	G	138	-1	137	0.00151
Paucibacter	318147	G	90	-5	85	0.00094
Aquincola	391952	G	75	0	75	0.00083
Sphaerotilus	34102	G	45	-14	31	0.00034
Thiomonas	32012	G	33	0	33	0.00036
Piscinibacterium	2066914	G	27	0	27	0.00030
Tepidimonas	114248	G	15	-14	1	0.00001
Roseateles	93681	G	15	-3	12	0.00013
Leptothrix	88	G	13	14	27	0.00030
Lautropia	47670	G	257	-257	0	0.00000
Mycoavidus	1810868	G	225	0	225	0.00248
Cupriavidus	106589	G	133	-1	132	0.00145
Paraburkholderia	1822464	G	70	-1	69	0.00076
Pandoraea	93217	G	59	-1	58	0.00064
Caballeronia	1827195	G	40	-2	38	0.00042
Burkholderia	32008	G	30	66	96	0.00106
Limnobacter	131079	G	29	-1	28	0.00031
Quisquiliibacterium	2041017	G	12	0	12	0.00013
Hydromonas	1910924	G	12	0	12	0.00013
Duganella	75654	G	218	25	243	0.00268
Janthinobacterium	29580	G	126	0	126	0.00139
Massilia	149698	G	109	-1	108	0.00119
Undibacterium	401469	G	72	-26	46	0.00051
Herbaspirillum	963	G	31	-4	27	0.00030
Noviherbaspirillum	1344552	G	16	-1	15	0.00017
Achromobacter	222	G	132	23	155	0.00171
Derxia	203697	G	30	-28	2	0.00002
Azohydromonas	312063	G	25	-3	22	0.00024
Pusillimonas	305976	G	17	0	17	0.00019
Parvibium	2109346	G	16	0	16	0.00018
Oligella	90243	G	13	0	13	0.00014
Pelistega	106146	G	13	0	13	0.00014
Alcaligenes	507	G	10	0	10	0.00011
Sutterella	40544	G	217	-206	11	0.00012
Methylotenera	359407	G	592	-27	565	0.00623
Pseudomethylobacillus	2676063	G	458	0	458	0.00505
Methylobacillus	404	G	289	0	289	0.00319
Methylophilus	16	G	17	-1	16	0.00018
Thiobacillus	919	G	49	-6	43	0.00047
Sulfuritalea	1054211	G	16	0	16	0.00018
Iodobacter	32014	G	77	-5	72	0.00079
Deefgea	400947	G	75	-4	71	0.00078
Leeia	650341	G	10	0	10	0.00011
Dechloromonas	73029	G	14	-1	13	0.00014
Ferribacterium	88875	G	10	0	10	0.00011
Quatrionicoccus	138117	G	10	0	10	0.00011
Cypionkella	2804673	G	1020	-883	137	0.00151
Gemmobacter	204456	G	976	2	978	0.01078
Rhodobacter	1060	G	691	1	692	0.00763
Tabrizicola	1443919	G	434	619	1053	0.01161
Defluviimonas	1097466	G	331	0	331	0.00365
Pseudorhodobacter	238783	G	246	1	247	0.00272
Roseibaca	1400060	G	240	0	240	0.00265
Cereibacter	1653176	G	199	0	199	0.00219
Paracoccus	265	G	194	0	194	0.00214
Rhodovulum	34008	G	87	-1	86	0.00095
Amaricoccus	56999	G	69	-22	47	0.00052
Thioclava	285107	G	48	0	48	0.00053
Roseinatronobacter	121820	G	47	0	47	0.00052
Pararhodobacter	1097465	G	40	0	40	0.00044
Marimonas	1914026	G	39	0	39	0.00043
Meinhardsimonia	2846747	G	38	0	38	0.00042
Albirhodobacter	1537716	G	32	0	32	0.00035
Amylibacter	1617805	G	31	-23	8	0.00009
Methylarcula	72021	G	28	0	28	0.00031
Jhaorihella	1511750	G	27	0	27	0.00030
Pseudooceanicola	1679449	G	23	12	35	0.00039
Limibaculum	2036011	G	21	0	21	0.00023
Albimonas	663242	G	19	0	19	0.00021
Psychromarinibacter	2035345	G	18	0	18	0.00020
Chachezhania	2603319	G	17	0	17	0.00019
Monaibacterium	2029873	G	13	1	14	0.00015
Marinosulfonomonas	50056	G	13	0	13	0.00014
Rhodosalinus	2047740	G	12	0	12	0.00013
Pontivivens	1844015	G	10	0	10	0.00011
Jannaschia	188905	G	44	0	44	0.00048
Neomegalonema	356797	G	19	0	19	0.00021
Polymorphobacter	1508451	G	1353	-146	1207	0.01330
Sandarakinorhabdus	362865	G	173	-5	168	0.00185
Sphingorhabdus	1434046	G	713	0	713	0.00786
Sphingomonas	13687	G	298	0	298	0.00328
Novosphingobium	165696	G	228	1	229	0.00252
Sphingopyxis	165697	G	41	1	42	0.00046
Aquisediminimonas	2676781	G	32	0	32	0.00035
Stakelama	1124625	G	31	0	31	0.00034
Sphingobium	165695	G	23	0	23	0.00025
Parasphingorhabdus	2709685	G	15	-15	0	0.00000
Erythrobacter	1041	G	83	7	90	0.00099
Nordella	169055	G	329	0	329	0.00363
Rhizobium	379	G	99	1	100	0.00110
Pararhizobium	1612611	G	20	16	36	0.00040
Shinella	323620	G	96	0	96	0.00106
Hyphomicrobium	81	G	148	-33	115	0.00127
Methylobacterium	407	G	27	-13	14	0.00015
Microvirga	186650	G	13	0	13	0.00014
Enterovirga	2026349	G	13	0	13	0.00014
Hansschlegelia	444599	G	84	0	84	0.00093
Mesorhizobium	68287	G	38	5	43	0.00047
Hoeflea	274591	G	21	0	21	0.00023
Variibacter	1649510	G	23	0	23	0.00025
Bradyrhizobium	374	G	17	-17	0	0.00000
Rhodopseudomonas	1073	G	13	0	13	0.00014
Rhodoblastus	168658	G	19	-3	16	0.00018
Beijerinckia	532	G	13	-6	7	0.00008
Rhodoligotrophos	987053	G	25	0	25	0.00028
Anderseniella	444432	G	15	0	15	0.00017
Labrys	204476	G	12	-5	7	0.00008
Bosea	85413	G	26	0	26	0.00029
Limimonas	1434015	G	13	0	13	0.00014
Devosia	46913	G	16	-2	14	0.00015
Blastochloris	59282	G	10	0	10	0.00011
Sediminicoccus	1706033	G	128	0	128	0.00141
Roseomonas	125216	G	32	-1	31	0.00034
Varunaivibrio	1866954	G	12	0	12	0.00013
Aquidulcibacter	2052989	G	77	0	77	0.00085
Brevundimonas	41275	G	10	-1	9	0.00010
Rickettsia	780	G	54	-41	13	0.00014
Lyticum	204450	G	12	0	12	0.00013
Caedimonas	2100210	G	26	3	29	0.00032
Haliangium	162027	G	23	-5	18	0.00020
Sandaracinus	1055688	G	11	0	11	0.00012
Syntrophus	43773	G	12	-7	5	0.00006
Smithella	182623	G	10	0	10	0.00011
Geobacter	28231	G	15	-2	13	0.00014
Sulfuricurvum	286130	G	84	0	84	0.00093
Arcobacter	28196	G	12	0	12	0.00013
Kaiparowitsia	2303524	G	4909	0	4909	0.05410
Tildeniella	2303519	G	175	-46	129	0.00142
Oculatella	1240886	G	156	-13	143	0.00158
Drouetiella	2303513	G	39	0	39	0.00043
Trichotorquatus	2056240	G	36	-33	3	0.00003
Timaviella	2055830	G	14	1	15	0.00017
Prochlorococcus	1218	G	3950	0	3950	0.04354
Chamaesiphon	217161	G	1036	0	1036	0.01142
Altericista	2855430	G	293	-35	258	0.00284
Aegeococcus	2799720	G	140	-78	62	0.00068
Metis	2799742	G	114	0	114	0.00126
Cymatolege	2799718	G	86	0	86	0.00095
Rhodoploca	2799717	G	22	0	22	0.00024
Haloleptolyngbya	1169405	G	369	0	369	0.00407
Nodosilinea	1120752	G	13	-2	11	0.00012
Komvophoron	358711	G	205	0	205	0.00226
Tapinothrix	890417	G	65	0	65	0.00072
Myxacorys	2056239	G	32	-1	31	0.00034
Leptodesmis	2664261	G	11	0	11	0.00012
Sodalinema	2219504	G	1029	-4	1025	0.01130
Planktothrix	54304	G	44	1	45	0.00050
Arthrospira	35823	G	24	0	24	0.00026
Leptochromothrix	2831759	G	756	0	756	0.00833
Lyngbya	28073	G	107	0	107	0.00118
Okeania	1458928	G	87	0	87	0.00096
Oscillatoria	1158	G	33	1	34	0.00037
Starria	241429	G	205	0	205	0.00226
Pycnacronema	2530217	G	33	0	33	0.00036
Wilmottia	1048851	G	23	0	23	0.00025
Ancylothrix	2023233	G	34	-2	32	0.00035
Potamolinea	1867035	G	17	-3	14	0.00015
Alborzia	2847113	G	105	0	105	0.00116
Neochroococcus	2816233	G	50	5	55	0.00061
Cyanobacterium	102234	G	17	0	17	0.00019
Cyanomargarita	1982356	G	667	-666	1	0.00001
Iphinoe	988814	G	651	0	651	0.00718
Aliinostoc	2035978	G	186	-2	184	0.00203
Purpureonostoc	2816323	G	21	1	22	0.00024
Cylindrospermum	56106	G	15	-15	0	0.00000
Calothrix	1186	G	105	5	110	0.00121
Mastigocoleus	996924	G	36	0	36	0.00040
Nodularia	159191	G	10	0	10	0.00011
Spirulina	1154	G	122	0	122	0.00134
Aliterella	1827277	G	43	0	43	0.00047
Chroococcidiopsis	54298	G	12	0	12	0.00013
Selenomonas	970	G	1862	-77	1785	0.01967
Paucilactobacillus	2767890	G	220	0	220	0.00242
Fructilactobacillus	2767881	G	116	0	116	0.00128
Weissella	46255	G	13	0	13	0.00014
Liquorilactobacillus	2767888	G	12	0	12	0.00013
Eremococcus	171412	G	48	0	48	0.00053
Aerococcus	1375	G	37	0	37	0.00041
Enterococcus	1350	G	17	2	19	0.00021
Anoxybacillus	150247	G	77	0	77	0.00085
Halobacillus	45667	G	19	0	19	0.00021
Salirhabdus	394505	G	17	26	43	0.00047
Virgibacillus	84406	G	16	0	16	0.00018
Bacillus	1386	G	10	-2	8	0.00009
Anaerobacillus	704093	G	10	3	13	0.00014
Cohnella	329857	G	35	0	35	0.00039
Paenibacillus	44249	G	30	-4	26	0.00029
Caryophanon	33976	G	13	0	13	0.00014
Melghirimyces	1236218	G	10	0	10	0.00011
Gemella	1378	G	11	0	11	0.00012
Senegalia	1924097	G	128	0	128	0.00141
Alkaliphilus	114627	G	22	0	22	0.00024
Hathewaya	1769729	G	16	0	16	0.00018
Clostridium	1485	G	15	-1	14	0.00015
Oxobacter	44261	G	10	0	10	0.00011
Sulfobacillus	28033	G	18	5	23	0.00025
Acidaminobacter	65402	G	10	0	10	0.00011
Tepidibacter	214904	G	34	0	34	0.00037
Lachnoclostridium	1506553	G	47	0	47	0.00052
Desulfocucumis	2026179	G	10	0	10	0.00011
Sporohalobacter	973	G	41	0	41	0.00045
Caldicellulosiruptor	44000	G	29	0	29	0.00032
Erysipelothrix	1647	G	82	-77	5	0.00006
Sedimentibacter	190972	G	17	0	17	0.00019
Microbacterium	33882	G	82	0	82	0.00090
Knoellia	136099	G	19	0	19	0.00021
Actinosynnema	40566	G	16	0	16	0.00018
Saccharopolyspora	1835	G	12	0	12	0.00013
Corynebacterium	1716	G	17	-1	16	0.00018
Actinomyces	1654	G	16	-6	10	0.00011
Deinococcus	1298	G	249	0	249	0.00274
Truepera	332248	G	17	0	17	0.00019
Mycoplasma	2093	G	44	-22	22	0.00024
Spiroplasma	2132	G	10	-8	2	0.00002
Armatimonas	1042315	G	33	0	33	0.00036
Arcicella	217140	G	1149	-22	1127	0.01242
Lacihabitans	1649462	G	425	0	425	0.00468
Emticicia	312278	G	170	-155	15	0.00017
Runella	105	G	113	-20	93	0.00103
Arcticibacterium	2173039	G	102	0	102	0.00112
Leadbetterella	319458	G	82	0	82	0.00090
Larkinella	332157	G	49	-49	0	0.00000
Flectobacillus	101	G	31	-1	30	0.00033
Spirosoma	107	G	16	-12	4	0.00004
Fluviimonas	1383890	G	15	0	15	0.00017
Siphonobacter	700450	G	12	-4	8	0.00009
Nibrella	1649473	G	11	-11	0	0.00000
Cytophaga	978	G	10	0	10	0.00011
Flexibacter	992	G	53	-1	52	0.00057
Adhaeribacter	299566	G	25	-2	23	0.00025
Hymenobacter	89966	G	17	0	17	0.00019
Garritya	1937995	G	20	0	20	0.00022
Persicobacter	59740	G	15	-15	0	0.00000
Roseivirga	290180	G	10	0	10	0.00011
Ferruginibacter	1004303	G	367	-7	360	0.00397
Flavisolibacter	398041	G	55	-42	13	0.00014
Terrimonas	296051	G	36	-7	29	0.00032
Chitinophaga	79328	G	19	-1	18	0.00020
Parasediminibacterium	1747780	G	15	0	15	0.00017
Flavitalea	1210116	G	13	-6	7	0.00008
Flavobacterium	237	G	312	0	312	0.00344
Fluviicola	332102	G	71	-2	69	0.00076
Chryseobacterium	59732	G	12	0	12	0.00013
Haliscomenobacter	2349	G	110	0	110	0.00121
Phaeodactylibacter	1564515	G	40	-11	29	0.00032
Portibacter	1227556	G	26	0	26	0.00029
Lewinella	70994	G	20	-7	13	0.00014
Rubidimonas	1147735	G	26	0	26	0.00029
Gemmatimonas	173479	G	38	-2	36	0.00040
Gemmata	113	G	26	0	26	0.00029
Limnoglobus	2731450	G	21	0	21	0.00023
Fimbriiglobus	1914234	G	12	0	12	0.00013
Pirellula	123	G	18	0	18	0.00020
Luteolibacter	518753	G	21	-2	19	0.00021
Geminisphaera	1148783	G	13	0	13	0.00014
